

2 (Sim) ... 1 (Mel)
  0  0.0000    766.842653  x:  0.08265   1.37025   0.48946  
  1 99.0000    765.935675  x:  0.11312   1.37140   0.48212  
  2 64.7991    757.600059  x:  0.11522   1.43332   0.09011  
  3 16.6632    757.600059  x:  0.11522   1.43332   0.09011  
  4  8.2907    757.354470  x:  0.11561   1.43386   0.06572  
  5  0.5521    757.327592  x:  0.12232   1.43418   0.06424  
  6  0.0043    757.327485  x:  0.12211   1.43416   0.06465  
  7  0.0006    757.327474  x:  0.12200   1.43416   0.06460  
  8  0.0001    757.327454  x:  0.12200   1.43417   0.06459  
  9  0.0000    757.315002  x:  0.12402   1.44737   0.06056  
 10  0.0080    757.220175  x:  0.12539   1.50418   0.06099  
 11  0.0071    756.578364  x:  0.12719   2.49696   0.07022  
 12  0.4879    756.568332  x:  0.12511   2.51313   0.06702  
 13  0.0130    756.568202  x:  0.12531   2.53060   0.06693  
 14  0.0086    756.568200  x:  0.12528   2.53127   0.06699  