

TREE # 1

  0  0.0000   6685.351543  x:  0.16383   0.13733   0.03106   0.27583   0.02601   0.29532   0.15231   0.08842   0.19700   0.44736   0.16966   0.31213   0.14467   0.14643   0.17809   0.19798   0.13448   0.17639   0.27746   0.32941   0.36359   0.19447   0.16688   0.17490   0.16274   0.23271   0.20013   0.19271   0.23986   0.16774   0.17598   0.17158   0.22335   0.16585   0.20365   0.18651   0.19060   0.22374   0.22446   0.23850   0.16011   0.16632   0.18620  
  1 99.0000   6031.945560  x:  0.17927   0.16587   0.24765   0.26039   0.09571   0.24906   0.12373   0.13083   0.19075   0.49192   0.22408   0.30220   0.28704   0.16108   0.21498   0.20900   0.17718   0.18671   0.28204   0.32988   0.35407   2.02506   0.12807   0.12954   0.13541   0.12252   0.18416   0.07535   0.18433   0.12170   0.10910   0.14326   0.20557   0.10980   0.21083   0.17127   0.20798   0.20857   0.20176   0.22285   0.10369   0.04377   0.08141  
  2 2113.3589   5993.585501  x:  0.15732   0.14076   0.14821   0.23315   0.02524   0.23323   0.12072   0.09859   0.17212   0.51632   0.21505   0.26671   0.27445   0.12770   0.20436   0.19283   0.14889   0.16780   0.28996   0.33676   0.35979   2.06785   0.13051   0.12199   0.08383   0.06010   0.16765   0.01315   0.15551   0.09344   0.08197   0.19437   0.21225   0.11317   0.23245   0.17688   0.23564   0.21174   0.19491   0.23226   0.13021   0.09812   0.11066  
  3 296.7356   5985.233430  x:  0.15149   0.13442   0.09420   0.22972   0.00897   0.23486   0.12459   0.09301   0.16613   0.52773   0.21182   0.24831   0.26827   0.11789   0.20162   0.18403   0.14041   0.16253   0.29356   0.33592   0.36072   2.08486   0.13283   0.11896   0.05535   0.03306   0.16261   0.05153   0.13662   0.07913   0.06759   0.21340   0.21603   0.11550   0.24476   0.18047   0.25106   0.21371   0.19151   0.23823   0.13943   0.09966   0.11479  
  4 378.1220   5979.448208  x:  0.15500   0.13787   0.04525   0.24449   0.01855   0.24623   0.13327   0.10286   0.16646   0.53947   0.21170   0.22965   0.26115   0.12050   0.20251   0.17355   0.14286   0.16268   0.29653   0.33062   0.35978   2.09244   0.13779   0.11580   0.02672   0.04799   0.15849   0.04292   0.10738   0.06373   0.05077   0.22709   0.22126   0.12075   0.26049   0.18567   0.27091   0.21658   0.18836   0.24659   0.14515   0.07715   0.10894  
  5 186.2683   5977.134882  x:  0.15922   0.14315   0.04965   0.25889   0.01862   0.25726   0.13362   0.10562   0.17138   0.54889   0.21433   0.21656   0.25646   0.12466   0.20217   0.16555   0.14550   0.16376   0.29849   0.32844   0.35974   2.09006   0.14172   0.11339   0.02183   0.02901   0.15367   0.03636   0.07863   0.05187   0.04248   0.23573   0.22588   0.12509   0.27564   0.19029   0.28964   0.22013   0.18507   0.25526   0.14959   0.06129   0.10570  
  6 110.0304   5975.821530  x:  0.15861   0.14323   0.05769   0.26908   0.01367   0.26539   0.13204   0.10159   0.17670   0.55796   0.21819   0.20667   0.25363   0.12507   0.19969   0.15923   0.14483   0.16311   0.29989   0.33054   0.36085   2.09127   0.14507   0.11065   0.02900   0.03822   0.14796   0.04004   0.05131   0.04568   0.04070   0.24416   0.23021   0.12853   0.29194   0.19448   0.30989   0.22445   0.18078   0.26490   0.15498   0.06459   0.10773  
  7 101.8155   5975.035893  x:  0.15529   0.14156   0.05421   0.27613   0.01002   0.27435   0.14556   0.10266   0.18764   0.56533   0.22789   0.20935   0.25499   0.13064   0.19709   0.15730   0.14959   0.16415   0.29731   0.33510   0.36098   2.09322   0.14875   0.10803   0.03535   0.03582   0.13904   0.03961   0.04837   0.06417   0.04843   0.24473   0.23488   0.13224   0.31634   0.19899   0.34161   0.23264   0.17386   0.28093   0.15689   0.06847   0.10602  
  8 42.4895   5974.509033  x:  0.15592   0.14244   0.05573   0.27684   0.01276   0.27953   0.14493   0.08920   0.19267   0.56785   0.23246   0.21525   0.25326   0.12882   0.19387   0.15544   0.14907   0.16067   0.29225   0.33798   0.36107   2.09357   0.15084   0.10738   0.03506   0.03740   0.12956   0.03957   0.05917   0.06859   0.04103   0.23921   0.23666   0.13242   0.33826   0.20086   0.37195   0.24106   0.16690   0.29666   0.15572   0.06485   0.10504  
  9 45.7865   5974.026853  x:  0.15891   0.14363   0.05805   0.26579   0.00944   0.27611   0.13810   0.10177   0.19268   0.56302   0.22864   0.22473   0.24660   0.12751   0.19469   0.15563   0.14817   0.15883   0.28442   0.34126   0.36095   2.09322   0.14964   0.11034   0.03104   0.03966   0.11501   0.04002   0.06135   0.06434   0.04078   0.22122   0.23323   0.12361   0.36245   0.19768   0.40867   0.25274   0.15799   0.31748   0.15362   0.06379   0.10706  
 10 32.9498   5973.891918  x:  0.15709   0.14195   0.05662   0.26304   0.01646   0.27259   0.13587   0.10073   0.19170   0.56173   0.22661   0.22655   0.24423   0.12984   0.19531   0.15726   0.15067   0.15998   0.28392   0.34213   0.36023   2.09306   0.14789   0.11139   0.03161   0.03815   0.10895   0.03971   0.06075   0.05934   0.04609   0.21576   0.23095   0.11948   0.36931   0.19424   0.41984   0.25690   0.15583   0.32451   0.15477   0.06567   0.10667  
 11 29.3024   5973.814917  x:  0.15633   0.14143   0.05629   0.26436   0.01663   0.26478   0.13910   0.09985   0.18595   0.56222   0.22554   0.22592   0.24404   0.13126   0.19421   0.16004   0.15167   0.16044   0.28494   0.34080   0.35925   2.09259   0.14554   0.11202   0.03547   0.03837   0.10150   0.03974   0.06106   0.05773   0.04644   0.21397   0.22817   0.11632   0.37267   0.18800   0.42606   0.25998   0.15502   0.32968   0.15667   0.06273   0.10545  
 12 14.0979   5973.762844  x:  0.15823   0.14280   0.05755   0.26699   0.02098   0.25956   0.14020   0.10105   0.18034   0.56384   0.22552   0.22541   0.24469   0.13099   0.19330   0.16086   0.15084   0.15924   0.28602   0.33994   0.35907   2.09212   0.14377   0.11225   0.03456   0.03789   0.09314   0.04016   0.06071   0.06005   0.04581   0.21390   0.22576   0.11556   0.37427   0.18107   0.42987   0.26202   0.15480   0.33369   0.15747   0.06473   0.10603  
 13 14.8631   5973.724338  x:  0.15911   0.14264   0.05790   0.26823   0.02113   0.25708   0.13740   0.09996   0.17672   0.56597   0.22670   0.22591   0.24585   0.13156   0.19407   0.15961   0.15098   0.15950   0.28626   0.33845   0.35940   2.09178   0.14299   0.11204   0.03238   0.03835   0.08259   0.04043   0.05992   0.06251   0.04902   0.21358   0.22384   0.11693   0.37416   0.17433   0.43161   0.26304   0.15491   0.33678   0.15623   0.06310   0.10637  
 14 11.4489   5973.651685  x:  0.15731   0.14091   0.05851   0.26732   0.02251   0.25962   0.13923   0.10120   0.17210   0.57092   0.22983   0.22595   0.24589   0.13183   0.19491   0.15506   0.15249   0.16032   0.28670   0.33663   0.36048   2.09126   0.14340   0.11169   0.03308   0.03863   0.05427   0.04089   0.06085   0.06035   0.04910   0.21040   0.22036   0.12083   0.37094   0.16247   0.43252   0.26417   0.15558   0.34186   0.15074   0.06403   0.10496  
 15 11.6577   5973.595108  x:  0.15964   0.14461   0.05662   0.26694   0.02296   0.26159   0.13885   0.10112   0.17212   0.57470   0.23181   0.22527   0.24528   0.13289   0.19349   0.15587   0.15219   0.15774   0.28977   0.33591   0.36146   2.09125   0.14451   0.11249   0.03526   0.03862   0.02772   0.04119   0.06115   0.05947   0.05075   0.20634   0.21768   0.12115   0.36685   0.15811   0.43218   0.26577   0.15614   0.34474   0.14890   0.06433   0.10374  
 16 17.2558   5973.552565  x:  0.15866   0.14250   0.05718   0.26901   0.02367   0.26145   0.13743   0.10202   0.17242   0.57722   0.23129   0.22538   0.24489   0.13318   0.19313   0.15773   0.15426   0.15766   0.29259   0.33571   0.36198   2.09104   0.14445   0.11235   0.03403   0.03900   0.00562   0.04175   0.06157   0.06064   0.04948   0.20378   0.21593   0.12021   0.36322   0.16010   0.43184   0.26757   0.15684   0.34611   0.14934   0.06420   0.10357  
 17 15.5180   5973.539166  x:  0.15896   0.14326   0.05755   0.27020   0.02345   0.26064   0.13813   0.10181   0.17190   0.57756   0.23033   0.22642   0.24489   0.13333   0.19406   0.15702   0.15487   0.15742   0.29208   0.33571   0.36144   2.09105   0.14393   0.11251   0.03337   0.03921   0.00010   0.04200   0.06193   0.05994   0.05009   0.20385   0.21584   0.12075   0.36231   0.16197   0.43197   0.26810   0.15729   0.34617   0.14938   0.06480   0.10277  
 18  7.2159   5973.539166  x:  0.15896   0.14326   0.05755   0.27020   0.02345   0.26064   0.13813   0.10181   0.17190   0.57756   0.23033   0.22642   0.24489   0.13333   0.19406   0.15702   0.15487   0.15742   0.29208   0.33571   0.36144   2.09105   0.14393   0.11251   0.03337   0.03921   0.00010   0.04200   0.06193   0.05994   0.05009   0.20385   0.21584   0.12075   0.36231   0.16197   0.43197   0.26810   0.15729   0.34617   0.14938   0.06480   0.10277  
 19  3.2204   5973.177988  x:  0.16035   0.14484   0.06288   0.27357   0.02712   0.26253   0.13814   0.10352   0.17373   0.57752   0.23142   0.22697   0.24566   0.13532   0.19459   0.15694   0.15677   0.15836   0.29165   0.33538   0.36113   2.09579   0.14426   0.11228   0.03634   0.04859   0.00057   0.03656   0.05954   0.06030   0.05051   0.20278   0.21638   0.12135   0.36234   0.16330   0.43191   0.26803   0.15747   0.34583   0.14845   0.06116   0.10098  
 20 46.9076   5972.946690  x:  0.16200   0.14733   0.06697   0.27857   0.02969   0.26785   0.13850   0.10478   0.17804   0.57746   0.23400   0.22794   0.24749   0.13870   0.19525   0.15683   0.16032   0.15982   0.29023   0.33556   0.36071   2.11109   0.14488   0.11178   0.04038   0.04329   0.00314   0.03927   0.05489   0.06082   0.05151   0.19978   0.21793   0.12290   0.36239   0.16726   0.43174   0.26784   0.15784   0.34475   0.14626   0.05825   0.09815  
 21 25.0071   5972.438451  x:  0.16156   0.14797   0.05653   0.29060   0.02400   0.27847   0.14029   0.10226   0.18824   0.57792   0.23979   0.22869   0.25093   0.14046   0.19452   0.15581   0.16350   0.15988   0.28602   0.33823   0.36132   2.16625   0.14694   0.10962   0.04518   0.04193   0.01220   0.03243   0.05037   0.06211   0.05166   0.19219   0.22268   0.12693   0.36232   0.17987   0.43114   0.26728   0.15839   0.34103   0.14197   0.06582   0.09784  
 22 38.1509   5972.133448  x:  0.16051   0.14704   0.05251   0.29620   0.02085   0.28484   0.14107   0.10139   0.19316   0.57922   0.24147   0.22753   0.25127   0.13780   0.19355   0.15449   0.16113   0.15860   0.28500   0.33857   0.36251   2.20697   0.14805   0.10877   0.04733   0.04661   0.01861   0.03882   0.05451   0.06298   0.04946   0.19040   0.22517   0.12834   0.36207   0.18750   0.43068   0.26725   0.15841   0.33862   0.14161   0.06310   0.09980  
 23 74.8851   5971.746013  x:  0.15939   0.14572   0.05546   0.29768   0.01924   0.28911   0.14024   0.10243   0.19686   0.58220   0.24076   0.22461   0.24969   0.13259   0.19309   0.15272   0.15505   0.15737   0.28639   0.33824   0.36442   2.26187   0.14902   0.10891   0.04863   0.04258   0.02514   0.03331   0.06319   0.06334   0.04524   0.19306   0.22716   0.12833   0.36151   0.19543   0.43003   0.26782   0.15827   0.33592   0.14478   0.05659   0.10342  
 24 84.8719   5971.401721  x:  0.16015   0.14659   0.06170   0.29102   0.02154   0.28811   0.13475   0.10649   0.19678   0.58625   0.23709   0.22224   0.24790   0.13378   0.19650   0.15301   0.15313   0.16179   0.29109   0.33955   0.36535   2.31868   0.14952   0.11146   0.04622   0.04397   0.03136   0.03492   0.06468   0.06170   0.04551   0.20206   0.22723   0.12585   0.36091   0.19954   0.42913   0.26961   0.15855   0.33425   0.15236   0.06522   0.10452  
 25 54.9646   5971.219673  x:  0.16059   0.14698   0.05846   0.28330   0.02076   0.28270   0.13332   0.10740   0.19350   0.58739   0.23507   0.22331   0.24869   0.13661   0.19787   0.15516   0.15602   0.16413   0.29254   0.33849   0.36481   2.35022   0.14961   0.11349   0.04155   0.04507   0.03407   0.03480   0.06095   0.05950   0.04711   0.20679   0.22647   0.12419   0.36089   0.19871   0.42843   0.27118   0.15934   0.33396   0.15516   0.06030   0.10145  
 26 43.4999   5971.117619  x:  0.16104   0.14638   0.06151   0.27851   0.02464   0.27541   0.13895   0.10546   0.18779   0.58515   0.23475   0.22699   0.25112   0.13499   0.19479   0.15736   0.15791   0.15951   0.29066   0.33831   0.36504   2.37054   0.14930   0.11441   0.03917   0.04558   0.03475   0.03579   0.05853   0.05900   0.04745   0.20570   0.22523   0.12383   0.36172   0.19286   0.42783   0.27270   0.16060   0.33485   0.15260   0.06147   0.10166  
 27 17.7373   5971.088911  x:  0.16103   0.14601   0.06264   0.27892   0.02468   0.27208   0.13859   0.10274   0.18527   0.58358   0.23441   0.22697   0.25056   0.13623   0.19623   0.15721   0.15770   0.16025   0.29005   0.33830   0.36549   2.37704   0.14902   0.11438   0.03960   0.04554   0.03381   0.03610   0.05914   0.06206   0.05024   0.20368   0.22462   0.12389   0.36261   0.18817   0.42783   0.27322   0.16104   0.33639   0.15101   0.06127   0.10287  
 28  9.1355   5971.077717  x:  0.16105   0.14625   0.06166   0.28023   0.02547   0.27158   0.13923   0.10437   0.18367   0.58306   0.23455   0.22617   0.24950   0.13590   0.19654   0.15692   0.15698   0.16131   0.29063   0.33857   0.36542   2.37992   0.14887   0.11426   0.03964   0.04535   0.03241   0.03619   0.05889   0.06356   0.05003   0.20269   0.22442   0.12414   0.36365   0.18436   0.42808   0.27354   0.16112   0.33805   0.15042   0.06138   0.10222  
 29  5.6172   5971.069623  x:  0.16108   0.14652   0.06102   0.28178   0.02595   0.27234   0.13826   0.10352   0.18273   0.58344   0.23543   0.22582   0.24909   0.13585   0.19595   0.15683   0.15656   0.16110   0.29211   0.33886   0.36542   2.38222   0.14887   0.11404   0.04023   0.04523   0.03016   0.03624   0.05852   0.06209   0.04985   0.20274   0.22444   0.12453   0.36531   0.18025   0.42864   0.27398   0.16097   0.34031   0.15040   0.06138   0.10184  
 30  4.3743   5971.065016  x:  0.16097   0.14634   0.06094   0.28227   0.02507   0.27313   0.13868   0.10439   0.18261   0.58412   0.23607   0.22612   0.24941   0.13663   0.19585   0.15670   0.15724   0.16054   0.29305   0.33892   0.36559   2.38363   0.14897   0.11391   0.04077   0.04521   0.02806   0.03626   0.05919   0.06128   0.05043   0.20311   0.22444   0.12467   0.36684   0.17781   0.42934   0.27435   0.16075   0.34222   0.15018   0.06143   0.10241  
 31  4.3343   5971.061663  x:  0.16095   0.14635   0.06109   0.28164   0.02444   0.27414   0.13787   0.10449   0.18306   0.58498   0.23595   0.22673   0.24950   0.13621   0.19596   0.15613   0.15823   0.15990   0.29326   0.33879   0.36545   2.38482   0.14916   0.11402   0.04056   0.04534   0.02521   0.03634   0.05936   0.06198   0.04987   0.20307   0.22416   0.12437   0.36873   0.17697   0.43066   0.27481   0.16042   0.34457   0.14894   0.06163   0.10216  
 32  2.3382   5971.059178  x:  0.16096   0.14639   0.06101   0.28112   0.02465   0.27464   0.13863   0.10403   0.18383   0.58565   0.23569   0.22700   0.24875   0.13633   0.19614   0.15621   0.15776   0.15967   0.29367   0.33858   0.36535   2.38576   0.14925   0.11418   0.04014   0.04545   0.02225   0.03644   0.05909   0.06206   0.05030   0.20262   0.22380   0.12406   0.37045   0.17751   0.43217   0.27537   0.16011   0.34689   0.14842   0.06170   0.10206  
 33  2.4708   5971.057955  x:  0.16098   0.14626   0.06122   0.28125   0.02427   0.27426   0.13886   0.10386   0.18358   0.58584   0.23583   0.22709   0.24830   0.13634   0.19587   0.15658   0.15796   0.16002   0.29385   0.33849   0.36538   2.38626   0.14919   0.11420   0.04032   0.04549   0.02046   0.03660   0.05883   0.06205   0.04989   0.20224   0.22368   0.12414   0.37141   0.17840   0.43315   0.27572   0.16006   0.34823   0.14866   0.06175   0.10224  
 34  2.0900   5971.057202  x:  0.16100   0.14629   0.06104   0.28164   0.02453   0.27375   0.13855   0.10408   0.18309   0.58584   0.23606   0.22717   0.24830   0.13638   0.19580   0.15651   0.15807   0.15950   0.29376   0.33853   0.36535   2.38660   0.14905   0.11418   0.04039   0.04544   0.01915   0.03671   0.05900   0.06219   0.05015   0.20216   0.22370   0.12444   0.37202   0.17934   0.43391   0.27589   0.16011   0.34907   0.14915   0.06180   0.10202  
 35  1.3275   5971.057039  x:  0.16098   0.14633   0.06094   0.28174   0.02471   0.27371   0.13856   0.10409   0.18288   0.58584   0.23604   0.22713   0.24835   0.13628   0.19591   0.15633   0.15820   0.15963   0.29344   0.33859   0.36542   2.38670   0.14902   0.11416   0.04042   0.04542   0.01878   0.03672   0.05909   0.06198   0.05022   0.20226   0.22370   0.12447   0.37207   0.17955   0.43412   0.27587   0.16016   0.34921   0.14914   0.06179   0.10210  
 36  0.5785   5971.056949  x:  0.16098   0.14632   0.06097   0.28176   0.02460   0.27374   0.13853   0.10414   0.18278   0.58582   0.23602   0.22710   0.24838   0.13630   0.19592   0.15630   0.15802   0.15960   0.29310   0.33869   0.36547   2.38679   0.14904   0.11413   0.04051   0.04543   0.01850   0.03674   0.05900   0.06189   0.05024   0.20234   0.22370   0.12441   0.37196   0.17958   0.43425   0.27582   0.16019   0.34920   0.14915   0.06179   0.10203  
 37  0.3017   5971.056678  x:  0.16098   0.14631   0.06093   0.28174   0.02463   0.27403   0.13853   0.10408   0.18295   0.58572   0.23610   0.22713   0.24842   0.13636   0.19568   0.15659   0.15807   0.15969   0.29241   0.33903   0.36565   2.38714   0.14916   0.11409   0.04048   0.04543   0.01754   0.03677   0.05912   0.06206   0.05026   0.20242   0.22371   0.12432   0.37129   0.17943   0.43463   0.27559   0.16041   0.34889   0.14966   0.06177   0.10191  
 38  0.3474   5971.056364  x:  0.16097   0.14639   0.06092   0.28179   0.02454   0.27409   0.13861   0.10403   0.18334   0.58554   0.23595   0.22715   0.24843   0.13640   0.19590   0.15645   0.15816   0.15950   0.29203   0.33922   0.36576   2.38757   0.14920   0.11412   0.04043   0.04544   0.01648   0.03683   0.05893   0.06210   0.05001   0.20233   0.22377   0.12455   0.37047   0.17920   0.43506   0.27524   0.16064   0.34840   0.15027   0.06174   0.10201  
 39  0.7490   5971.056107  x:  0.16095   0.14628   0.06099   0.28188   0.02439   0.27392   0.13867   0.10403   0.18376   0.58548   0.23585   0.22712   0.24850   0.13621   0.19585   0.15637   0.15820   0.15960   0.29195   0.33913   0.36557   2.38794   0.14914   0.11413   0.04049   0.04544   0.01574   0.03689   0.05895   0.06201   0.05009   0.20238   0.22389   0.12491   0.36990   0.17908   0.43534   0.27497   0.16077   0.34795   0.15035   0.06180   0.10179  
 40  0.6519   5971.055676  x:  0.16104   0.14632   0.06086   0.28200   0.02447   0.27373   0.13853   0.10411   0.18410   0.58545   0.23583   0.22700   0.24868   0.13649   0.19572   0.15658   0.15804   0.15968   0.29202   0.33876   0.36526   2.38856   0.14899   0.11417   0.04051   0.04542   0.01469   0.03695   0.05906   0.06197   0.04987   0.20256   0.22414   0.12534   0.36912   0.17909   0.43570   0.27460   0.16094   0.34717   0.14984   0.06189   0.10197  
 41  0.7720   5971.055049  x:  0.16091   0.14648   0.06079   0.28211   0.02435   0.27411   0.13847   0.10419   0.18376   0.58531   0.23584   0.22669   0.24869   0.13623   0.19562   0.15677   0.15821   0.15954   0.29279   0.33843   0.36513   2.38945   0.14891   0.11415   0.04070   0.04539   0.01376   0.03697   0.05882   0.06204   0.05022   0.20253   0.22445   0.12505   0.36840   0.17940   0.43602   0.27418   0.16120   0.34609   0.14925   0.06192   0.10223  
 42  0.5704   5971.054347  x:  0.16095   0.14637   0.06080   0.28228   0.02418   0.27465   0.13870   0.10398   0.18308   0.58518   0.23579   0.22681   0.24877   0.13642   0.19584   0.15670   0.15826   0.15953   0.29372   0.33838   0.36505   2.39042   0.14900   0.11404   0.04078   0.04536   0.01307   0.03695   0.05903   0.06203   0.05016   0.20241   0.22472   0.12483   0.36786   0.17982   0.43626   0.27376   0.16144   0.34504   0.14871   0.06202   0.10185  
 43  1.3455   5971.053635  x:  0.16116   0.14634   0.06082   0.28246   0.02403   0.27503   0.13865   0.10401   0.18274   0.58534   0.23576   0.22752   0.24883   0.13632   0.19566   0.15650   0.15800   0.15980   0.29432   0.33875   0.36549   2.39134   0.14924   0.11403   0.04058   0.04531   0.01296   0.03692   0.05886   0.06217   0.05037   0.20240   0.22486   0.12526   0.36786   0.18018   0.43625   0.27352   0.16158   0.34439   0.14834   0.06193   0.10195  
 44  0.7058   5971.051850  x:  0.16022   0.14657   0.06087   0.28267   0.02393   0.27522   0.13866   0.10401   0.18304   0.58614   0.23591   0.22727   0.24828   0.13646   0.19577   0.15672   0.15823   0.15965   0.29433   0.33979   0.36635   2.39359   0.14949   0.11427   0.04071   0.04520   0.01395   0.03685   0.05885   0.06215   0.05030   0.20226   0.22480   0.12603   0.36894   0.18075   0.43569   0.27353   0.16172   0.34368   0.14779   0.06178   0.10164  
 45  0.6461   5971.049235  x:  0.16148   0.14671   0.06062   0.28299   0.02378   0.27532   0.13867   0.10408   0.18396   0.58704   0.23610   0.22644   0.24828   0.13637   0.19584   0.15677   0.15848   0.15948   0.29382   0.34032   0.36671   2.39692   0.14994   0.11405   0.04113   0.04499   0.01581   0.03672   0.05899   0.06199   0.05018   0.20158   0.22450   0.12592   0.37087   0.18140   0.43467   0.27372   0.16174   0.34323   0.14791   0.06166   0.10159  
 46  1.8121   5971.046563  x:  0.16098   0.14601   0.06041   0.28348   0.02408   0.27583   0.13847   0.10421   0.18491   0.58761   0.23649   0.22664   0.24903   0.13647   0.19584   0.15637   0.15823   0.15982   0.29300   0.33976   0.36617   2.40033   0.14973   0.11362   0.04151   0.04472   0.01794   0.03655   0.05872   0.06205   0.04992   0.20084   0.22421   0.12518   0.37276   0.18195   0.43358   0.27402   0.16152   0.34330   0.14880   0.06161   0.10191  
 47  2.5562   5971.045590  x:  0.16087   0.14681   0.06040   0.28375   0.02383   0.27613   0.13861   0.10411   0.18512   0.58763   0.23681   0.22710   0.24895   0.13642   0.19585   0.15619   0.15811   0.15995   0.29253   0.33923   0.36568   2.40158   0.14949   0.11375   0.04160   0.04465   0.01890   0.03645   0.05885   0.06211   0.04985   0.20086   0.22426   0.12498   0.37320   0.18212   0.43324   0.27425   0.16132   0.34363   0.14921   0.06168   0.10194  
 48  1.8478   5971.045111  x:  0.16105   0.14650   0.06040   0.28394   0.02380   0.27647   0.13862   0.10409   0.18519   0.58724   0.23701   0.22730   0.24834   0.13643   0.19594   0.15617   0.15830   0.15979   0.29223   0.33889   0.36543   2.40219   0.14944   0.11380   0.04152   0.04459   0.01959   0.03639   0.05877   0.06214   0.04985   0.20124   0.22453   0.12509   0.37296   0.18223   0.43321   0.27458   0.16109   0.34425   0.14924   0.06170   0.10205  
 49  0.7848   5971.044454  x:  0.16104   0.14652   0.06034   0.28393   0.02372   0.27684   0.13863   0.10408   0.18560   0.58569   0.23665   0.22700   0.24883   0.13652   0.19573   0.15610   0.15831   0.15978   0.29244   0.33902   0.36566   2.40301   0.14945   0.11406   0.04173   0.04454   0.02082   0.03628   0.05877   0.06216   0.04976   0.20168   0.22506   0.12525   0.37189   0.18252   0.43350   0.27534   0.16055   0.34623   0.14911   0.06165   0.10202  
 50  0.5933   5971.044351  x:  0.16103   0.14655   0.06037   0.28397   0.02370   0.27677   0.13862   0.10410   0.18573   0.58557   0.23686   0.22702   0.24899   0.13640   0.19594   0.15622   0.15827   0.15979   0.29253   0.33911   0.36572   2.40314   0.14946   0.11388   0.04165   0.04453   0.02106   0.03627   0.05878   0.06214   0.04972   0.20175   0.22511   0.12518   0.37157   0.18257   0.43364   0.27543   0.16051   0.34665   0.14902   0.06163   0.10202  
 51  0.4691   5971.044299  x:  0.16099   0.14660   0.06038   0.28399   0.02370   0.27666   0.13861   0.10411   0.18578   0.58569   0.23695   0.22700   0.24895   0.13647   0.19583   0.15606   0.15829   0.15978   0.29260   0.33917   0.36572   2.40321   0.14951   0.11370   0.04161   0.04452   0.02125   0.03627   0.05878   0.06212   0.04971   0.20171   0.22505   0.12507   0.37126   0.18260   0.43379   0.27538   0.16052   0.34695   0.14895   0.06161   0.10202  
 52  0.2612   5971.044253  x:  0.16099   0.14659   0.06034   0.28395   0.02375   0.27668   0.13860   0.10412   0.18567   0.58605   0.23697   0.22699   0.24901   0.13646   0.19584   0.15608   0.15830   0.15975   0.29264   0.33916   0.36563   2.40327   0.14962   0.11378   0.04174   0.04451   0.02152   0.03625   0.05878   0.06213   0.04974   0.20156   0.22484   0.12516   0.37085   0.18260   0.43406   0.27528   0.16052   0.34729   0.14894   0.06161   0.10206  
 53  0.1882   5971.044244  x:  0.16100   0.14658   0.06038   0.28399   0.02373   0.27671   0.13860   0.10412   0.18562   0.58616   0.23695   0.22693   0.24905   0.13647   0.19583   0.15609   0.15831   0.15975   0.29263   0.33915   0.36563   2.40329   0.14957   0.11380   0.04164   0.04451   0.02159   0.03624   0.05878   0.06212   0.04976   0.20149   0.22481   0.12519   0.37077   0.18259   0.43415   0.27526   0.16048   0.34736   0.14894   0.06161   0.10206  
 54  0.1208   5971.044241  x:  0.16102   0.14657   0.06037   0.28396   0.02374   0.27671   0.13861   0.10411   0.18561   0.58622   0.23696   0.22692   0.24906   0.13647   0.19583   0.15608   0.15831   0.15975   0.29263   0.33913   0.36568   2.40329   0.14950   0.11380   0.04166   0.04451   0.02163   0.03624   0.05878   0.06214   0.04976   0.20147   0.22486   0.12519   0.37075   0.18257   0.43422   0.27527   0.16043   0.34736   0.14895   0.06161   0.10205  
 55  0.0421   5971.044239  x:  0.16101   0.14657   0.06037   0.28398   0.02374   0.27669   0.13860   0.10412   0.18561   0.58624   0.23694   0.22694   0.24905   0.13647   0.19583   0.15609   0.15831   0.15976   0.29262   0.33911   0.36571   2.40330   0.14952   0.11382   0.04166   0.04451   0.02167   0.03624   0.05879   0.06212   0.04976   0.20144   0.22492   0.12516   0.37076   0.18255   0.43432   0.27529   0.16041   0.34734   0.14895   0.06161   0.10204  
 56  0.0246   5971.044238  x:  0.16100   0.14658   0.06037   0.28397   0.02375   0.27669   0.13861   0.10411   0.18560   0.58624   0.23692   0.22693   0.24906   0.13648   0.19582   0.15609   0.15830   0.15976   0.29262   0.33910   0.36570   2.40331   0.14955   0.11379   0.04166   0.04451   0.02170   0.03624   0.05878   0.06214   0.04976   0.20146   0.22495   0.12517   0.37079   0.18253   0.43441   0.27531   0.16043   0.34732   0.14896   0.06161   0.10204  
 57  0.0237   5971.044236  x:  0.16101   0.14658   0.06037   0.28395   0.02374   0.27670   0.13860   0.10412   0.18561   0.58620   0.23694   0.22693   0.24905   0.13648   0.19581   0.15609   0.15830   0.15977   0.29262   0.33914   0.36566   2.40334   0.14953   0.11380   0.04165   0.04451   0.02176   0.03623   0.05878   0.06212   0.04976   0.20145   0.22494   0.12518   0.37084   0.18251   0.43455   0.27530   0.16047   0.34729   0.14895   0.06161   0.10205  
 58  0.0233   5971.044234  x:  0.16101   0.14657   0.06037   0.28398   0.02375   0.27669   0.13861   0.10411   0.18562   0.58617   0.23694   0.22694   0.24905   0.13648   0.19581   0.15609   0.15830   0.15977   0.29263   0.33916   0.36565   2.40338   0.14951   0.11382   0.04165   0.04451   0.02180   0.03623   0.05878   0.06214   0.04976   0.20149   0.22488   0.12515   0.37088   0.18249   0.43464   0.27529   0.16046   0.34727   0.14894   0.06160   0.10206  
 59  0.0338   5971.044228  x:  0.16100   0.14659   0.06036   0.28396   0.02375   0.27668   0.13861   0.10411   0.18560   0.58612   0.23696   0.22694   0.24903   0.13649   0.19581   0.15611   0.15830   0.15977   0.29264   0.33910   0.36572   2.40349   0.14955   0.11377   0.04165   0.04451   0.02182   0.03623   0.05877   0.06213   0.04976   0.20150   0.22476   0.12517   0.37093   0.18247   0.43470   0.27526   0.16036   0.34726   0.14894   0.06161   0.10203  
 60  0.0156   5971.044210  x:  0.16101   0.14656   0.06037   0.28393   0.02376   0.27664   0.13864   0.10409   0.18555   0.58613   0.23707   0.22691   0.24903   0.13648   0.19581   0.15606   0.15828   0.15978   0.29267   0.33902   0.36583   2.40385   0.14959   0.11389   0.04161   0.04453   0.02182   0.03622   0.05874   0.06215   0.04977   0.20150   0.22476   0.12517   0.37101   0.18242   0.43461   0.27527   0.16045   0.34738   0.14893   0.06164   0.10199  
 61  0.0308   5971.044189  x:  0.16101   0.14658   0.06035   0.28393   0.02378   0.27660   0.13864   0.10408   0.18548   0.58621   0.23693   0.22697   0.24898   0.13647   0.19583   0.15612   0.15830   0.15976   0.29270   0.33907   0.36582   2.40429   0.14950   0.11382   0.04161   0.04454   0.02181   0.03620   0.05873   0.06215   0.04980   0.20146   0.22479   0.12516   0.37107   0.18237   0.43444   0.27536   0.16054   0.34755   0.14891   0.06164   0.10198  
 62  0.1060   5971.044183  x:  0.16101   0.14658   0.06036   0.28391   0.02379   0.27657   0.13865   0.10407   0.18545   0.58623   0.23694   0.22697   0.24898   0.13647   0.19583   0.15611   0.15830   0.15976   0.29270   0.33916   0.36572   2.40440   0.14954   0.11383   0.04159   0.04454   0.02179   0.03620   0.05872   0.06216   0.04981   0.20143   0.22485   0.12516   0.37109   0.18236   0.43438   0.27539   0.16043   0.34757   0.14891   0.06163   0.10200  
 63  0.0547   5971.044183  x:  0.16101   0.14658   0.06036   0.28391   0.02379   0.27657   0.13865   0.10407   0.18545   0.58624   0.23694   0.22697   0.24898   0.13647   0.19583   0.15611   0.15830   0.15976   0.29271   0.33916   0.36572   2.40440   0.14954   0.11383   0.04159   0.04454   0.02179   0.03620   0.05872   0.06216   0.04981   0.20143   0.22484   0.12516   0.37108   0.18236   0.43438   0.27541   0.16043   0.34756   0.14891   0.06163   0.10200  
 64  0.0008   5971.044183  x:  0.16101   0.14658   0.06036   0.28391   0.02379   0.27657   0.13865   0.10407   0.18545   0.58623   0.23694   0.22697   0.24899   0.13647   0.19583   0.15611   0.15830   0.15976   0.29270   0.33916   0.36572   2.40443   0.14954   0.11384   0.04159   0.04454   0.02179   0.03621   0.05872   0.06216   0.04981   0.20144   0.22485   0.12516   0.37106   0.18236   0.43438   0.27540   0.16043   0.34755   0.14891   0.06163   0.10201  