   20
Platypus    0.000000  0.106993  0.228116  0.187919  0.210079  0.320313
  0.184486  0.235971  0.315566  0.236858  0.324866  0.250594  0.222195
  0.200024  0.258826  0.219849  0.233987  0.218587  0.186477  0.221866
Echidna     0.106993  0.000000  0.220750  0.197366  0.217101  0.325769
  0.194634  0.225708  0.312171  0.238733  0.329595  0.235877  0.224258
  0.201384  0.278532  0.225615  0.219494  0.218047  0.193753  0.218071
Opossum     0.228116  0.220750  0.000000  0.114440  0.136268  0.279533
  0.203564  0.228893  0.289393  0.212559  0.286972  0.228705  0.210699
  0.186958  0.256131  0.206692  0.213597  0.210048  0.209052  0.240714
Wallaby     0.187919  0.197366  0.114440  0.000000  0.100012  0.252115
  0.184391  0.212818  0.285359  0.210912  0.267583  0.228117  0.196253
  0.206096  0.267979  0.194286  0.205778  0.204755  0.186774  0.213332
Bandicoot   0.210079  0.217101  0.136268  0.100012  0.000000  0.254077
  0.175708  0.210807  0.270425  0.204051  0.281806  0.244845  0.193083
  0.191694  0.246746  0.215006  0.207074  0.202982  0.179481  0.215999
Elephant    0.320313  0.325769  0.279533  0.252115  0.254077  0.000000
  0.221538  0.272944  0.299566  0.272914  0.288603  0.292510  0.273595
  0.271450  0.301152  0.261124  0.229419  0.252983  0.251615  0.248008
Aardvark    0.184486  0.194634  0.203564  0.184391  0.175708  0.221538
  0.000000  0.177134  0.260209  0.166325  0.210888  0.187766  0.155415
  0.175158  0.219693  0.162154  0.143436  0.141413  0.126774  0.178085
Tenrec      0.235971  0.225708  0.228893  0.212818  0.210807  0.272944
  0.177134  0.000000  0.296479  0.167254  0.287886  0.240028  0.196265
  0.201030  0.251432  0.197015  0.206083  0.184570  0.181525  0.224272
Sloth       0.315566  0.312171  0.289393  0.285359  0.270425  0.299566
  0.260209  0.296479  0.000000  0.231404  0.277931  0.296223  0.238392
  0.286359  0.316800  0.267577  0.255576  0.274993  0.250474  0.268773
Armadillo   0.236858  0.238733  0.212559  0.210912  0.204051  0.272914
  0.166325  0.167254  0.231404  0.000000  0.260321  0.206913  0.163554
  0.174511  0.236346  0.174762  0.171289  0.167054  0.152822  0.188236
Human       0.324866  0.329595  0.286972  0.267583  0.281806  0.288603
  0.210888  0.287886  0.277931  0.260321  0.000000  0.289396  0.234307
  0.259566  0.290121  0.267657  0.235543  0.207073  0.251426  0.263409
Tree_shrew  0.250594  0.235877  0.228705  0.228117  0.244845  0.292510
  0.187766  0.240028  0.296223  0.206913  0.289396  0.000000  0.194448
  0.207701  0.252947  0.190490  0.202441  0.177096  0.162433  0.236275
Rabbit      0.222195  0.224258  0.210699  0.196253  0.193083  0.273595
  0.155415  0.196265  0.238392  0.163554  0.234307  0.194448  0.000000
  0.173458  0.237416  0.157505  0.149876  0.150734  0.167255  0.179210
Mouse       0.200024  0.201384  0.186958  0.206096  0.191694  0.271450
  0.175158  0.201030  0.286359  0.174511  0.259566  0.207701  0.173458
  0.000000  0.223734  0.177978  0.166707  0.157655  0.155652  0.192365
Hedgehog    0.258826  0.278532  0.256131  0.267979  0.246746  0.301152
  0.219693  0.251432  0.316800  0.236346  0.290121  0.252947  0.237416
  0.223734  0.000000  0.241871  0.240445  0.210366  0.221448  0.249249
Flying_fox  0.219849  0.225615  0.206692  0.194286  0.215006  0.261124
  0.162154  0.197015  0.267577  0.174762  0.267657  0.190490  0.157505
  0.177978  0.241871  0.000000  0.153651  0.143680  0.095626  0.165745
Cat         0.233987  0.219494  0.213597  0.205778  0.207074  0.229419
  0.143436  0.206083  0.255576  0.171289  0.235543  0.202441  0.149876
  0.166707  0.240445  0.153651  0.000000  0.124767  0.136936  0.175406
Dog         0.218587  0.218047  0.210048  0.204755  0.202982  0.252983
  0.141413  0.184570  0.274993  0.167054  0.207073  0.177096  0.150734
  0.157655  0.210366  0.143680  0.124767  0.000000  0.120555  0.179759
Pig         0.186477  0.193753  0.209052  0.186774  0.179481  0.251615
  0.126774  0.181525  0.250474  0.152822  0.251426  0.162433  0.167255
  0.155652  0.221448  0.095626  0.136936  0.120555  0.000000  0.129233
Whale       0.221866  0.218071  0.240714  0.213332  0.215999  0.248008
  0.178085  0.224272  0.268773  0.188236  0.263409  0.236275  0.179210
  0.192365  0.249249  0.165745  0.175406  0.179759  0.129233  0.000000
